%YAML:1.0
---
CM1: !!opencv-matrix
   rows: 3
   cols: 3
   dt: d
   data: [ 6.6557865303495646e+02, 0., 2.4424348336341811e+02, 0.,
       6.6318217273441019e+02, 3.1297318825757293e+02, 0., 0., 1. ]
CM2: !!opencv-matrix
   rows: 3
   cols: 3
   dt: d
   data: [ 6.6557865303495646e+02, 0., 2.3941432738365012e+02, 0.,
       6.6318217273441019e+02, 3.1955859047028332e+02, 0., 0., 1. ]
D1: !!opencv-matrix
   rows: 1
   cols: 5
   dt: d
   data: [ 8.1764684894341133e-02, -1.9106668797326806e-01, 0., 0.,
       -3.1737766382165816e-01 ]
D2: !!opencv-matrix
   rows: 1
   cols: 5
   dt: d
   data: [ 7.6675097258588787e-02, -2.3394367959817880e-01, 0., 0.,
       -1.4358812399748883e-01 ]
R: !!opencv-matrix
   rows: 3
   cols: 3
   dt: d
   data: [ 9.9807982155826813e-01, -2.5621343224674076e-02,
       -5.6393408919650848e-02, 2.5914529913353856e-02,
       9.9965415176279171e-01, 4.4737012398232950e-03,
       5.6259283123635664e-02, -5.9265196175121437e-03,
       9.9839860247680523e-01 ]
T: !!opencv-matrix
   rows: 3
   cols: 1
   dt: d
   data: [ 6.3697061414042619e-02, 2.3931725536382943e-03,
       1.9669963011233828e-04 ]
E: !!opencv-matrix
   rows: 3
   cols: 3
   dt: d
   data: [ 1.2954079381035912e-04, -2.1081478597923339e-04,
       2.3884601576592140e-03, -3.3872290805131325e-03,
       3.7246217531292471e-04, -6.3606149660334649e-02,
       -7.3789783188650852e-04, 6.3736348193029854e-02,
       4.1992078105371243e-04 ]
F: !!opencv-matrix
   rows: 3
   cols: 3
   dt: d
   data: [ -2.2285700589235680e-06, 3.6398823504950618e-06,
       -2.7943599307610052e-02, 5.8483162316982204e-05,
       -6.4540896731976593e-06, 7.1868094383383097e-01,
       -9.7060498710802960e-03, -7.3125030552343828e-01, 1. ]
R1: !!opencv-matrix
   rows: 3
   cols: 3
   dt: d
   data: [ 9.9851793285070833e-01, 1.1910062678926567e-02,
       -5.3104502469491444e-02, -1.1744773111281678e-02,
       9.9992516707425017e-01, 3.4235297716482924e-03,
       5.3141302958364667e-02, -2.7947555379474404e-03,
       9.9858309181628468e-01 ]
R2: !!opencv-matrix
   rows: 3
   cols: 3
   dt: d
   data: [ 9.9929019236187844e-01, 3.7544492766084674e-02,
       3.0858568173937756e-03, -3.7534711470109144e-02,
       9.9929030029314359e-01, -3.1687812948483357e-03,
       -3.2026370721168099e-03, 3.0507053244027663e-03,
       9.9999021810856126e-01 ]
P1: !!opencv-matrix
   rows: 3
   cols: 4
   dt: d
   data: [ 6.6318217273441019e+02, 0., 2.6078619956970215e+02, 0., 0.,
       6.6318217273441019e+02, 3.1574521255493164e+02, 0., 0., 0., 1.,
       0. ]
P2: !!opencv-matrix
   rows: 3
   cols: 4
   dt: d
   data: [ 6.6318217273441019e+02, 0., 2.6078619956970215e+02,
       4.2272761114085220e+01, 0., 6.6318217273441019e+02,
       3.1574521255493164e+02, 0., 0., 0., 1., 0. ]
Q: !!opencv-matrix
   rows: 4
   cols: 4
   dt: d
   data: [ 1., 0., 0., -2.6078619956970215e+02, 0., 1., 0.,
       -3.1574521255493164e+02, 0., 0., 0., 6.6318217273441019e+02, 0.,
       0., -1.5688167871140998e+01, 0. ]
